% m file automatically generated by Sim_Solver
% This file is used to produce plots from the data file specified below:
csv_file = '../../data/case6_mod_2016_06_15__12_58_44.csv';
nBus = 6;
nBranch = 11;
nLoad = 3;
nGen = 3;
rateA = [70 70 70 70 70 70 70 70 70 70 70 ];
rateB = [85 85 85 85 85 85 85 85 85 85 85 ];
rateC = [105 105 105 105 105 105 105 105 105 105 105 ];
Vmin = [0.9 0.9 0.9 0.9 0.9 0.9 ];
Vmax = [1.1 1.1 1.1 1.1 1.1 1.1 ];
load_value = [1000 1500 2000 ];
gen_ramp_up_cost = [100 100 100 ];
gen_ramp_down_cost = [30 30 30 ];
