function [baseMVA, bus, gen, branch, area, gencost, load] = case118_2

baseMVA = 100.0; 

%bus type     Pd         Qd        Gs       Bs   area   Vm        Va       baseKV  zone   Vmax     Vmin
bus = [
   1  2      0.0000     0.0000    0.000    0.000   1   0.95500   17.984     0.0000  1    1.06000  0.94000
   2  1      0.0000     0.0000    0.000    0.000   1   0.97087   17.528     0.0000  1    1.06000  0.93000
   3  1      0.0000     0.0000    0.000    0.000   1   0.96708   19.458     0.0000  1    1.06000  0.94000
   4  2      0.0000     0.0000    0.000    0.000   1   0.99800   25.699     0.0000  1    1.06000  0.94000
   5  1      0.0000     0.0000    0.000    0.000   1   1.00381   26.633     0.0000  1    1.06000  0.94000
   6  2      0.0000     0.0000    0.000    0.000   1   0.99000   18.539     0.0000  1    1.06000  0.94000
   7  1      0.0000     0.0000    0.000    0.000   1   0.98754   17.569     0.0000  1    1.06000  0.94000
   8  2      0.0000     0.0000    0.000    0.000   1   1.01500   31.467     0.0000  1    1.06000  0.94000
   9  1      0.0000     0.0000    0.000    0.000   1   1.04879   35.617     0.0000  1    1.06000  0.94000
  10  2      0.0000     0.0000    0.000    0.000   1   1.05000   40.030     0.0000  1    1.06000  0.94000
  11  1      0.0000     0.0000    0.000    0.000   1   0.97918   18.782     0.0000  1    1.06000  0.94000
  12  2      0.0000     0.0000    0.000    0.000   1   0.99000   17.976     0.0000  1    1.06000  0.94000
  13  1      0.0000     0.0000    0.000    0.000   1   0.96209   17.376     0.0000  1    1.06000  0.89000
  14  1      0.0000     0.0000    0.000    0.000   1   0.98333   17.387     0.0000  1    1.06000  0.94000
  15  2      0.0000     0.0000    0.000    0.000   1   0.97000   17.613     0.0000  1    1.06000  0.94000
  16  1      0.0000     0.0000    0.000    0.000   1   0.97526   16.741     0.0000  1    1.06000  0.94000
  17  1      0.0000     0.0000    0.000    0.000   1   0.99501   21.022     0.0000  1    1.06000  0.94000
  18  2      0.0000     0.0000    0.000    0.000   1   0.97300   18.216     0.0000  1    1.06000  0.94000
  19  2      0.0000     0.0000    0.000    0.000   1   0.96200   17.356     0.0000  1    1.06000  0.94000
  20  1      0.0000     0.0000    0.000    0.000   1   0.95458   18.162     0.0000  1    1.06000  0.93000
  21  1      0.0000     0.0000    0.000    0.000   1   0.95431   19.799     0.0000  1    1.06000  0.91000
  22  1      0.0000     0.0000    0.000    0.000   1   0.96568   22.489     0.0000  1    1.06000  0.90000
  23  1      0.0000     0.0000    0.000    0.000   1   0.99810   27.701     0.0000  1    1.06000  0.94000
  24  2      0.0000     0.0000    0.000    0.000   1   0.99200   26.330     0.0000  1    1.06000  0.94000
  25  2      0.0000     0.0000    0.000    0.000   1   1.05000   36.637     0.0000  1    1.06000  0.94000
  26  2      0.0000     0.0000    0.000    0.000   1   1.01500   39.009     0.0000  1    1.06000  0.94000
  27  2      0.0000     0.0000    0.000    0.000   1   0.96800   22.034     0.0000  1    1.06000  0.94000
  28  1      0.0000     0.0000    0.000    0.000   1   0.94930   19.735     0.0000  1    1.06000  0.94000
  29  1      0.0000     0.0000    0.000    0.000   1   0.93893   18.186     0.0000  1    1.06000  0.93000
  30  1      0.0000     0.0000    0.000    0.000   1   0.98178   26.939     0.0000  1    1.06000  0.94000
  31  2      0.0000     0.0000    0.000    0.000   1   0.96700   19.915     0.0000  1    1.06000  0.94000
  32  2      0.0000     0.0000    0.000    0.000   1   0.96300   21.546     0.0000  1    1.06000  0.94000
  33  1      0.0000     0.0000    0.000    0.000   1   0.96947   16.124     0.0000  1    1.06000  0.94000
  34  2      0.0000     0.0000    0.000    0.000   1   0.98400   15.890     0.0000  1    1.06000  0.94000
  35  1      0.0000     0.0000    0.000    0.000   1   0.98023   15.401     0.0000  1    1.06000  0.94000
  36  2      0.0000     0.0000    0.000    0.000   1   0.98000   15.394     0.0000  1    1.06000  0.94000
  37  1      0.0000     0.0000    0.000    0.000   1   0.99021   16.443     0.0000  1    1.06000  0.94000
  38  1      0.0000     0.0000    0.000    0.000   1   0.95797   22.733     0.0000  1    1.06000  0.94000
  39  1      0.0000     0.0000    0.000    0.000   1   0.96815   11.582     0.0000  1    1.06000  0.94000
  40  2      0.0000     0.0000    0.000    0.000   1   0.97000    9.736     0.0000  1    1.06000  0.94000
  41  1      0.0000     0.0000    0.000    0.000   1   0.96609    8.772     0.0000  1    1.06000  0.94000
  42  2      0.0000     0.0000    0.000    0.000   1   0.98500    9.231     0.0000  1    1.06000  0.94000
  43  1      0.0000     0.0000    0.000    0.000   1   0.97590   14.048     0.0000  1    1.06000  0.93000
  44  1      0.0000     0.0000    0.000    0.000   1   0.98410   14.157     0.0000  1    1.06000  0.94000
  45  1      0.0000     0.0000    0.000    0.000   1   0.98590   15.211     0.0000  1    1.06000  0.94000
  46  2      0.0000     0.0000    0.000    0.000   1   1.00500   17.690     0.0000  1    1.06000  0.94000
  47  1      0.0000     0.0000    0.000    0.000   1   1.01631   19.789     0.0000  1    1.06000  0.94000
  48  1      0.0000     0.0000    0.000    0.000   1   1.02060   18.854     0.0000  1    1.06000  0.94000
  49  2      0.0000     0.0000    0.000    0.000   1   1.02500   19.844     0.0000  1    1.06000  0.94000
  50  1      0.0000     0.0000    0.000    0.000   1   0.99947   17.261     0.0000  1    1.06000  0.92000
  51  1      0.0000     0.0000    0.000    0.000   1   0.96304   13.921     0.0000  1    1.06000  0.91000
  52  1      0.0000     0.0000    0.000    0.000   1   0.95232   12.736     0.0000  1    1.06000  0.90000
  53  1      0.0000     0.0000    0.000    0.000   1   0.94269   11.305     0.0000  1    1.06000  0.90000
  54  2      0.0000     0.0000    0.000    0.000   1   0.95500   12.050     0.0000  1    1.06000  0.94000
  55  2      0.0000     0.0000    0.000    0.000   1   0.95200   11.790     0.0000  1    1.06000  0.94000
  56  2      0.0000     0.0000    0.000    0.000   1   0.95400   12.006     0.0000  1    1.06000  0.94000
  57  1      0.0000     0.0000    0.000    0.000   1   0.96899   13.823     0.0000  1    1.06000  0.93000
  58  1      0.0000     0.0000    0.000    0.000   1   0.95643   12.781     0.0000  1    1.06000  0.92000
  59  2      0.0000     0.0000    0.000    0.000   1   0.98500   16.764     0.0000  1    1.06000  0.94000
  60  1      0.0000     0.0000    0.000    0.000   1   0.99209   26.596     0.0000  1    1.06000  0.94000
  61  2      0.0000     0.0000    0.000    0.000   1   0.99500   27.980     0.0000  1    1.06000  0.94000
  62  2      0.0000     0.0000    0.000    0.000   1   0.99800   27.372     0.0000  1    1.06000  0.94000
  63  1      0.0000     0.0000    0.000    0.000   1   0.99692   30.083     0.0000  1    1.06000  0.94000
  64  1      0.0000     0.0000    0.000    0.000   1   0.99477   30.093     0.0000  1    1.06000  0.94000
  65  2      0.0000     0.0000    0.000    0.000   1   1.00500   32.458     0.0000  1    1.06000  0.94000
  66  2      0.0000     0.0000    0.000    0.000   1   1.05000   32.997     0.0000  1    1.06000  0.94000
  67  1      0.0000     0.0000    0.000    0.000   1   1.01836   29.567     0.0000  1    1.06000  0.94000
  68  1      0.0000     0.0000    0.000    0.000   1   1.00387   30.846     0.0000  1    1.06000  0.94000
  69  3      0.0000     0.0000    0.000    0.000   1   1.03500   30.000     0.0000  1    1.06000  0.94000
  70  2      0.0000     0.0000    0.000    0.000   1   0.98400   23.166     0.0000  1    1.06000  0.94000
  71  1      0.0000     0.0000    0.000    0.000   1   0.98811   23.114     0.0000  1    1.06000  0.94000
  72  2      0.0000     0.0000    0.000    0.000   1   0.98000   24.016     0.0000  1    1.06000  0.94000
  73  2      0.0000     0.0000    0.000    0.000   1   0.99100   22.991     0.0000  1    1.06000  0.94000
