function [baseMVA, bus, gen, branch, area, gencost, load] = case39_mod

C = fnConstants;
baseMVA = 100.0000;

bus = ...
[
  1 1    0.00    0.00    0.00    0.00   2 1.027 -10.815  500.0   1 1.10 0.89;
  2 1    0.00    0.00    0.00    0.00   2 0.995  -7.855  500.0   1 1.10 0.89;
  3 1  322.00    2.40    0.00    0.00   2 0.965 -10.981  500.0   1 1.10 0.89;
  4 1  500.00  184.00    0.00    0.00   1 0.933 -11.824  500.0   1 1.10 0.89;
  5 1    0.00    0.00    0.00    0.00   1 0.940 -10.426  500.0   1 1.10 0.89;
  6 1    0.00    0.00    0.00    0.00   1 0.937  -9.587  500.0   1 1.10 0.89;
  7 1  233.80    8.40    0.00    0.00   1 0.942 -12.159  500.0   1 1.10 0.89;
  8 1  522.00   17.60    0.00    0.00   1 0.946 -12.747  500.0   1 1.10 0.89;
  9 1    0.00    0.00    0.00    0.00   1 1.007 -12.629  500.0   1 1.10 0.89;
 10 1    0.00    0.00    0.00    0.00   1 0.932  -6.735  500.0   1 1.10 0.89;
 11 1    0.00    0.00    0.00    0.00   1 0.933  -7.726  500.0   1 1.10 0.89;
 12 1    8.50    8.80    0.00    0.00   1 0.925  -7.786  500.0   1 1.10 0.89;
 13 1    0.00    0.00    0.00    0.00   1 0.932  -7.609  500.0   1 1.10 0.89;
 14 1    0.00    0.00    0.00    0.00   1 0.934  -9.610  500.0   1 1.10 0.89;
 15 1  320.00  153.00    0.00    0.00   3 0.936 -10.141  500.0   1 1.10 0.89;
 16 1  329.40   32.30    0.00    0.00   3 0.954  -8.512  500.0   1 1.10 0.89;
 17 1    0.00    0.00    0.00    0.00   2 0.961  -9.701  500.0   1 1.10 0.89;
 18 1  158.00   30.00    0.00    0.00   2 0.961 -10.684  500.0   1 1.10 0.89;
 19 1    0.00    0.00    0.00    0.00   3 0.934  -2.696  500.0   1 1.10 0.89;
 20 1  680.00  103.00    0.00    0.00   3 0.982  -4.272  500.0   1 1.10 0.89;
 21 1  274.00  115.00    0.00    0.00   3 0.965  -5.786  500.0   1 1.10 0.89;
 22 1    0.00    0.00    0.00    0.00   3 0.996  -0.829  500.0   1 1.10 0.89;
 23 1  247.50   84.60    0.00    0.00   3 0.999  -1.086  500.0   1 1.10 0.89;
 24 1  308.60  -92.20    0.00    0.00   3 0.964  -8.381  500.0   1 1.10 0.89;
 25 1  224.00   47.20    0.00    0.00   2 1.003  -6.278  500.0   1 1.10 0.89;
 26 1  139.00   17.00    0.00    0.00   2 0.988  -7.635  500.0   1 1.10 0.89;
 27 1  281.00   75.50    0.00    0.00   2 0.969  -9.896  500.0   1 1.10 0.89;
 28 1  206.00   27.60    0.00    0.00   3 0.991  -3.701  500.0   1 1.10 0.89;
 29 2  283.50  126.90    0.00    0.00   3 0.993  -0.622  500.0   1 1.10 0.89;
 30 2    0.00    0.00    0.00    0.00   2 1.048  -5.305  500.0   1 1.10 0.89;
 31 3    9.20    4.60    0.00    0.00   1 0.982  -0.000  500.0   1 1.10 0.89;
 32 2    0.00    0.00    0.00    0.00   1 0.983   1.975  500.0   1 1.10 0.89;
 33 2    0.00    0.00    0.00    0.00   3 0.997   3.227  500.0   1 1.10 0.89;
 34 2    0.00    0.00    0.00    0.00   3 1.012   0.992  500.0   1 1.10 0.89;
 35 2    0.00    0.00    0.00    0.00   3 1.049   4.402  500.0   1 1.10 0.89;
 36 2    0.00    0.00    0.00    0.00   3 1.064   7.082  500.0   1 1.10 0.89;
 37 2    0.00    0.00    0.00    0.00   2 1.028   0.873  500.0   1 1.10 0.89;
 38 2    0.00    0.00    0.00    0.00   3 1.027   6.829  500.0   1 1.10 0.89;
 39 2 1104.10  250.00    0.00    0.00   1 1.030 -12.456  500.0   1 1.10 0.89;
];

gen = ...
[
 29    1.00  100.00 9999.00 -9999.00 0.993  100.0 1 1000.00    0.00
 30  250.00  157.12 9999.00 -9999.00 1.048  100.0 1 1000.00    0.00
 31  582.28  -19.06 9999.00 -9999.00 0.982  100.0 1 1000.00    0.00
 32  648.16  -10.13 9999.00 -9999.00 0.983  100.0 1 1000.00    0.00
 33  632.00  -12.49 9999.00 -9999.00 0.997  100.0 1 1000.00    0.00
 34  508.00  113.81 9999.00 -9999.00 1.012  100.0 1 1000.00    0.00
 35  650.00  227.66 9999.00 -9999.00 1.049  100.0 1 1000.00    0.00
 36  560.00  282.51 9999.00 -9999.00 1.064  100.0 1 1000.00    0.00
 37  540.00   19.68 9999.00 -9999.00 1.028  100.0 1 1000.00    0.00
 38  830.00   66.10 9999.00 -9999.00 1.027  100.0 1 1000.00    0.00
 39 1000.00  258.67 9999.00 -9999.00 1.030  100.0 1 1000.00    0.00
];
gen(:,C.RUR) = 0;
gen(:,C.RDR) = 100;
gen(:,C.RUC) = 50;
gen(:,C.RDC) = 30;

branch = ...
[
  1  2 0.0035 0.0411 0.6987  600.0000  660.0000  900.0000 0.0000 0.0000 1;
  1 39 0.0020 0.0500 0.3750  500.0000  550.0000  750.0000 0.0000 0.0000 1;
  1 39 0.0020 0.0500 0.3750  500.0000  550.0000  750.0000 0.0000 0.0000 1;
  2  3 0.0013 0.0151 0.2572  500.0000  550.0000  750.0000 0.0000 0.0000 1;
  2 25 0.0070 0.0086 0.1460  500.0000  550.0000  750.0000 0.0000 0.0000 1;
  3  4 0.0013 0.0213 0.2214  500.0000  550.0000  750.0000 0.0000 0.0000 1;
  3 18 0.0011 0.0133 0.2138  500.0000  550.0000  750.0000 0.0000 0.0000 1;
  4  5 0.0008 0.0128 0.1342  600.0000  660.0000  900.0000 0.0000 0.0000 1;
  4 14 0.0008 0.0129 0.1382  500.0000  550.0000  750.0000 0.0000 0.0000 1;
  5  6 0.0002 0.0026 0.0434 1200.0000 1320.0000 1800.0000 0.0000 0.0000 1;
  5  8 0.0008 0.0112 0.1476  900.0000  990.0000 1350.0000 0.0000 0.0000 1;
  6  7 0.0006 0.0092 0.1130  900.0000  990.0000 1350.0000 0.0000 0.0000 1;
  6 11 0.0007 0.0082 0.1389  480.0000  528.0000  720.0000 0.0000 0.0000 1;
  7  8 0.0004 0.0046 0.0780  900.0000  990.0000 1350.0000 0.0000 0.0000 1;
  8  9 0.0023 0.0363 0.3804  900.0000  990.0000 1350.0000 0.0000 0.0000 1;
  9 39 0.0010 0.0250 1.2000  900.0000  990.0000 1350.0000 0.0000 0.0000 1;
 10 11 0.0004 0.0043 0.0729  600.0000  660.0000  900.0000 0.0000 0.0000 1;
 10 13 0.0004 0.0043 0.0729  600.0000  660.0000  900.0000 0.0000 0.0000 1;
 13 14 0.0009 0.0101 0.1723  600.0000  660.0000  900.0000 0.0000 0.0000 1;
 14 15 0.0018 0.0217 0.3660  600.0000  660.0000  900.0000 0.0000 0.0000 1;
 15 16 0.0009 0.0094 0.1710  600.0000  660.0000  900.0000 0.0000 0.0000 1;
 16 17 0.0007 0.0089 0.1342  600.0000  660.0000  900.0000 0.0000 0.0000 1;
 16 19 0.0016 0.0195 0.3040  600.0000  660.0000 2500.0000 0.0000 0.0000 1;
 16 21 0.0008 0.0135 0.2548  600.0000  660.0000  900.0000 0.0000 0.0000 1;
 16 24 0.0003 0.0059 0.0680  600.0000  660.0000  900.0000 0.0000 0.0000 1;
 17 18 0.0007 0.0082 0.1319  600.0000  660.0000  900.0000 0.0000 0.0000 1;
 17 27 0.0013 0.0173 0.3216  600.0000  660.0000  900.0000 0.0000 0.0000 1;
 21 22 0.0008 0.0140 0.2565  900.0000  990.0000 1350.0000 0.0000 0.0000 1;
 22 23 0.0006 0.0096 0.1846  600.0000  660.0000  900.0000 0.0000 0.0000 1;
 23 24 0.0022 0.0350 0.3610  600.0000  660.0000  900.0000 0.0000 0.0000 1;
 25 26 0.0032 0.0323 0.5130  600.0000  660.0000  900.0000 0.0000 0.0000 1;
 26 27 0.0014 0.0147 0.2396  600.0000  660.0000  900.0000 0.0000 0.0000 1;
 26 28 0.0043 0.0474 0.7802  600.0000  660.0000  900.0000 0.0000 0.0000 1;
 26 29 0.0057 0.0625 1.0290  600.0000  660.0000  900.0000 0.0000 0.0000 1;
 28 29 0.0014 0.0151 0.2490  600.0000  660.0000  900.0000 0.0000 0.0000 1;
  2 30 0.0000 0.0181 0.0000  900.0000  990.0000 2500.0000 0.0000 0.0000 1;
  6 31 0.0000 0.0500 0.0000  900.0000  990.0000 2500.0000 0.0000 0.0000 1;
  6 31 0.0000 0.0500 0.0000  900.0000  990.0000 1350.0000 0.0000 0.0000 1;
 10 32 0.0000 0.0200 0.0000  900.0000  990.0000 2500.0000 0.0000 0.0000 1;
 12 11 0.0016 0.0435 0.0000  500.0000  550.0000  750.0000 0.0000 0.0000 1;
 12 13 0.0016 0.0435 0.0000  500.0000  550.0000  750.0000 0.0000 0.0000 1;
 19 20 0.0007 0.0138 0.0000  900.0000  990.0000 2500.0000 0.0000 0.0000 1;
 19 33 0.0007 0.0142 0.0000  900.0000  990.0000 2500.0000 0.0000 0.0000 1;
 20 34 0.0009 0.0180 0.0000  900.0000  990.0000 2500.0000 0.0000 0.0000 1;
 22 35 0.0000 0.0143 0.0000  900.0000  990.0000 2500.0000 0.0000 0.0000 1;
 23 36 0.0005 0.0272 0.0000  900.0000  990.0000 2500.0000 0.0000 0.0000 1;
 25 37 0.0006 0.0232 0.0000  900.0000  990.0000 2500.0000 0.0000 0.0000 1;
 29 38 0.0008 0.0156 0.0000 1200.0000 1320.0000 2500.0000 0.0000 0.0000 1;
 19 24 0.0016 0.0195 0.3040  600.0000  660.0000 2500.0000 0.0000 0.0000 1;
 12 14 0.0009 0.0101 0.1723  600.0000  660.0000  900.0000 0.0000 0.0000 1;
];

area = [];

